.Random.seed <-
c(403L, 10L, -127047409L, -552577514L, -607047488L, -1740691837L, 
1554399905L, -1402829680L, -761393298L, 155715865L, 1893108139L, 
-1300805734L, -243509412L, -85309857L, -574302667L, -590670388L, 
1657091362L, -384770179L, 1197945975L, -1988310626L, -240181160L, 
748633531L, -387075239L, -344096536L, -1446625002L, 1462379153L, 
106237763L, 1474505298L, 1485479140L, 1392772903L, -1850104963L, 
-1235937676L, 335726682L, -2079067995L, 1040249535L, -1222694586L, 
-1628323888L, 942094835L, 521901329L, 583930176L, 1126301982L, 
-1232800279L, 1869051675L, 837599530L, 1881889356L, -359725553L, 
1579657541L, 1680290556L, 1794566482L, -1203405107L, -1776118137L, 
-1164082834L, 2018564936L, 1012784971L, 450012841L, -588203016L, 
2040546086L, -1982929855L, 493020627L, 951371650L, -1996387404L, 
-211041481L, -1361968595L, 1576133444L, 175818858L, -439946539L, 
879676527L, -147602058L, -653349216L, 664398691L, -951304191L, 
1020185456L, -1519688946L, -2100486791L, 101873931L, -1938625990L, 
872841532L, 1613155967L, 1673582037L, -1753625620L, 1419111746L, 
316002973L, -431964393L, 1393925758L, 628317752L, -1048270565L, 
1315982969L, 1840057032L, -1594721546L, -878578895L, 2018517859L, 
-901744334L, 2019986052L, -693459257L, -214733411L, 255224084L, 
701220794L, -1553223163L, -1745607713L, -1148839322L, -1199352336L, 
-1359146221L, 554040497L, -254689440L, -1071063810L, 1866988681L, 
-2019836997L, -26684022L, 64271468L, 382324207L, -356891099L, 
1281540828L, -461907790L, 57973677L, -1656201369L, 1319963790L, 
-1147713176L, -1240991381L, -1934845175L, -1842631272L, 2006432966L, 
1044358689L, 1413498547L, -246076382L, -1288391148L, -1656313193L, 
2084603021L, 336464292L, 477229962L, 47030261L, 2012466767L, 
1000487254L, -214629376L, -1712255677L, -1797136159L, -1595606448L, 
1952458414L, -1585950119L, -1923532181L, 336637914L, -1472311140L, 
-1002323297L, 1064464629L, -40035956L, 1127126114L, 503829565L, 
-1078847817L, -1201932962L, 1335532696L, 1377527803L, -338621031L, 
1388187176L, 154048214L, 248357713L, 450373123L, -825824878L, 
1793611556L, -1648633369L, 1889826365L, -1523072844L, 499611418L, 
-346538907L, 2038052095L, -127625850L, 700648208L, 222384051L, 
-393243567L, -398575616L, -1907259170L, 1787159337L, -1582170405L, 
1547718122L, -1447365236L, -372954417L, 1502574213L, -1560881860L, 
-388147182L, -143616243L, 929682503L, 1403344430L, -129007736L, 
1891809931L, -570086295L, 1956196408L, -141592346L, -1494663039L, 
-1411770349L, 662187970L, -527140748L, -1968099721L, -609259667L, 
-865013756L, 1085475626L, -1331638123L, 2052747055L, 494368310L, 
1113993824L, -435556189L, -1616608319L, 1206702000L, -1105552690L, 
105777209L, -676852149L, 402101242L, -1359356164L, -86559937L, 
-767771627L, 1325004588L, 1433639938L, -740122915L, 1954172375L, 
1270728894L, -46949640L, -403013413L, -860134599L, 1246348936L, 
662311478L, -1713485199L, 270864547L, -552109582L, 722565444L, 
1099559431L, 2104893405L, -1341830956L, -95946758L, -707842235L, 
-628212833L, 1200935206L, -921288272L, -486687038L, 1051188960L, 
-990731140L, 1408250064L, 1329873826L, 1382072872L, -634643188L, 
-1012331588L, 846736690L, 1135699136L, -1894564300L, 857425608L, 
-1410691398L, 1407748240L, 2107878124L, 1258357332L, 210642578L, 
1644870432L, -798147636L, -1963125536L, -1556047166L, 2081882152L, 
-654842964L, -2103553348L, 1336958450L, -1435718096L, 1245366180L, 
-1927813704L, -1208547494L, 1613482128L, 128451452L, 1780538132L, 
1661886786L, 943375104L, -1267374148L, -1025162416L, 1597205794L, 
-1772423608L, 1297991692L, 1293396060L, 1613853138L, -2048863744L, 
1563105620L, 1009927400L, 1512045818L, -1374036272L, 683844908L, 
1493985524L, -556773998L, 2033955168L, 1128894476L, -2113743136L, 
1976322658L, 1064101544L, 524437068L, 845734780L, 4236594L, -215607696L, 
-1799541948L, 1867146200L, -1456017542L, -1689310672L, 679635900L, 
2039304788L, 1518969922L, 436125856L, -1316857156L, -1410220592L, 
-134953118L, -809432344L, -1667844916L, 1882787324L, 1809447410L, 
1459730048L, 1084519924L, -1734716792L, 1819098938L, 1079197520L, 
1205386348L, -118868588L, -1931672494L, -1811195424L, 373165260L, 
1301924000L, 17762690L, -752166680L, -1205159188L, 902063420L, 
1013146738L, 1844710512L, 1622553636L, 2027212856L, -880827622L, 
-1665407792L, 1143739196L, 647430036L, -70027390L, 1303047616L, 
-408636868L, 376461712L, 1096372770L, 611405064L, -34545012L, 
-913799396L, -2080331630L, 1898973568L, 1662503444L, -1481563352L, 
-564044230L, -1633644080L, -2035649172L, -1052070988L, -1833047022L, 
-487122464L, -253920308L, 1857005792L, -701063134L, 378441000L, 
324431372L, -24962244L, 333718514L, 1968701168L, -647232956L, 
1523478104L, 445825850L, -2034761232L, 332771004L, -413840108L, 
19502786L, -112224160L, -109791364L, 13614032L, -83849950L, 238454440L, 
1457183628L, 868846780L, -251033806L, -293193152L, -621563724L, 
506460744L, 1232711098L, 1536791056L, 1413478124L, -93043372L, 
-508242670L, 1202473376L, 912357068L, -1461240224L, -1880437822L, 
-1728197848L, 929541036L, -2114289860L, 1826209138L, 2018602800L, 
69784868L, 1014068024L, 1483026138L, 1895930768L, 614288124L, 
1914614676L, 242630722L, 1254633728L, 839212092L, -215681712L, 
-1902292830L, 80577864L, -922510580L, -1476338980L, -389447342L, 
-154539904L, -1953174444L, 551498728L, 1644383482L, 1933324112L, 
-2067187924L, 725163380L, 146096018L, -853914528L, -1811872372L, 
-1731730592L, -131414558L, -2125163608L, -661358388L, 1747629052L, 
-938675790L, -119022096L, -1730125884L, 1359882584L, -490115718L, 
1939445680L, 1921416636L, 1271133268L, 1620297666L, -1652389856L, 
969400508L, 1948665424L, -266848286L, -578717592L, -1638721460L, 
-968448772L, -1254729742L, -739631872L, -223742604L, 170868744L, 
-1047227462L, -533178928L, 560025580L, 1898898836L, 318661074L, 
-1464993440L, -1205961908L, 1695928608L, -1929787518L, -1355342104L, 
1905854700L, 935684156L, 2073386866L, 101797488L, 617536548L, 
-1369698504L, 125459610L, 932086480L, -1390022468L, 937688724L, 
-1936470398L, -1374641984L, -1898551492L, 1722479617L, 554493363L, 
344894676L, 1807579618L, -578694025L, 388925889L, 106050374L, 
-2029445500L, -1056159691L, 1897584671L, 518463352L, 606328406L, 
983821027L, 1524632741L, -1978231486L, 377955120L, -1057470631L, 
439700683L, 1272905020L, -508520086L, 1352430495L, 302960169L, 
1239306430L, -1309627988L, -619301123L, -663965113L, -1261592272L, 
-786691506L, 776671867L, 1128174045L, -665921526L, 1043171624L, 
-1273677935L, 1452317059L, 1929115268L, -219405134L, -544508921L, 
-481386415L, -1953214506L, 2040430260L, -1878319419L, -1224593393L, 
-1558486904L, 1870913958L, -1394402989L, -1972622667L, -1786200046L, 
1565479392L, 186008649L, 13128315L, -139388084L, -1174106406L, 
-351444273L, 787710617L, -1633661266L, 635882428L, -1528794067L, 
-39085097L, 1753707040L, 1712673662L, 2003189067L, -621478067L, 
-1288399494L, 335022008L, -2000691871L, 578343187L, 1652533556L, 
-707239102L, 1754977111L, -1262652767L, 680461158L, 188775780L, 
-916477803L, 1134045631L, -1292534440L, -1523563658L, -1552039549L, 
998982597L, -1181460254L, -960815792L, 990260345L, -2094973013L, 
-716831460L, 320909898L, -660015553L, -1847080311L, 463842974L, 
325929804L, -567407843L, 250911399L, -599379504L, 1179851118L, 
1396474907L, -458846851L, -893596822L, 1819463176L, 570909361L, 
111185187L, 28450340L, 2032858322L, -1409616601L, 1281621873L, 
410672566L, -1756207788L, 1745142757L, 254541295L, -433838808L, 
-1728252538L, 1015042483L, -2036560619L, 234671986L, -942580800L, 
758918185L, -447178597L, 994911596L, 968711546L, 696217263L, 
580933049L, -917694514L, -1079044324L, -1276131699L, 1576191735L, 
1749649920L, 1786762334L, -1118816469L, -1795288019L, -842685286L, 
-871323560L, -2134351935L, -246624141L, 1025550740L, 646473762L, 
53624631L, 1582662145L, -1528677626L, 1775478596L, 1328151157L, 
-1791763489L, 759349048L, 115804438L, -791300829L, 1396000485L, 
-1021526270L, -193211024L, 1682973977L, 1860402443L, -508748292L, 
